ACCENUMB	LM	DM	DT	NGH	NHG	LG	AG	GrG	P100S	FM	CT	DHG	CG	TG
1	9.3675	2.8206	1.6525	20.8492	14.630	0.7017	0.5200	0.2833	11.6922	3	1	1	2	6
2	6.7351	3.2363	1.8412	16.1786	12.800	0.6800	0.5567	0.3367	12.5839	3	1	1	2	7
3	16.2857	4.6214	2.4807	34.6429	14.000	0.9833	0.8050	0.3983	26.3589	2	1	1	2	6
4	13.1960	3.6135	3.1240	27.5873	14.000	0.9117	0.6950	0.3483	19.3589	2	1	1	10	6
5	14.8460	3.6992	2.5194	29.9921	14.820	0.8967	0.7650	0.3450	19.1389	2	1	1	6	6
6	12.9853	4.0585	2.4621	24.1016	14.330	0.9017	0.7750	0.3633	19.4422	2	1	1	10	6
7	12.0657	3.9771	2.4179	27.1036	12.890	1.0233	0.8600	0.3383	26.0256	2	5	1	11	6
8	16.5833	3.3476	1.4857	36.1190	13.650	1.0717	0.7000	0.3300	18.8056	5	1	1	2	4
9	11.5179	3.8351	2.2143	22.4821	15.200	0.8283	0.5950	0.4400	12.5556	2	1	2	2	6
10	15.8690	3.9571	2.6086	31.7619	13.880	1.0267	0.8600	0.3550	25.5556	2	1	1	2	6
11	13.0833	3.6726	2.2917	27.3333	15.250	0.8383	0.6850	0.3950	14.1389	2	1	1	2	6
12	14.4321	4.0210	1.8286	34.2619	14.120	1.1267	0.6400	0.3150	21.3889	2	1	1	2	6
13	14.7127	4.4624	2.5728	27.6254	13.870	1.0633	0.8250	0.3233	25.1111	2	1	1	10	6
14	16.4232	4.4935	2.7798	31.8726	14.220	1.3117	0.7950	0.3350	22.2222	2	1	1	2	6
15	18.3913	4.0381	2.7028	35.4683	14.240	1.1183	0.8550	0.3383	30.3611	2	1	1	10	6
16	13.7857	4.2310	2.5381	26.2143	14.330	1.3867	0.8150	0.3500	21.3889	2	1	1	2	6
17	13.5341	4.1714	2.5540	24.7302	13.650	0.8350	0.8333	0.4550	19.5828	2	1	1	10	6
18	13.8675	4.4560	2.3218	29.0635	12.620	0.9050	0.9633	0.3600	25.1661	2	1	1	2	6
19	15.4881	4.4948	2.7429	31.1190	15.000	1.1900	0.9217	0.4067	23.8606	2	1	1	2	6
20	13.9056	4.0643	2.5825	25.8016	13.760	1.0350	0.9083	0.3950	24.9161	2	4	1	10	6
21	15.2273	3.6007	2.1917	28.2976	15.080	0.9750	0.7967	0.4167	17.1939	2	1	1	10	6
22	16.1190	3.9462	1.4321	23.1238	12.890	0.9550	0.6267	0.4083	16.0017	5	5	2	2	5
23	16.5833	4.4981	2.8560	31.1238	14.000	1.0033	0.8583	0.4033	24.0572	2	1	4	10	6
24	16.1667	4.4155	2.5429	27.3571	15.500	1.0550	0.7900	0.3783	24.6944	2	1	3	2	6
25	14.4345	3.9862	2.5917	29.8857	15.690	0.9883	0.8533	0.3783	25.1406	2	4	1	9	6
26	13.9167	4.2440	2.2071	26.3571	14.000	0.9850	0.8250	0.3533	24.2778	2	1	1	10	6
27	14.4881	3.2910	2.1371	30.6714	15.060	0.9433	0.7433	0.3767	15.0572	5	1	1	10	7
28	13.8929	4.2560	2.0976	27.5238	13.880	0.9667	0.9500	0.3533	23.4167	5	1	1	10	6
29	16.5357	4.3488	2.6321	27.2738	15.080	1.0150	0.8367	0.4367	26.9444	2	1	1	10	6
30	13.6714	4.1988	2.6333	30.1667	13.760	1.0167	0.8200	0.3533	25.8333	3	1	1	2	6
31	11.5250	4.1810	2.7024	24.9048	15.880	0.9567	0.8567	0.3817	21.5000	2	5	1	2	6
32	15.3393	4.3248	2.4114	21.9214	13.690	0.9633	0.7650	0.3950	22.2222	2	1	1	10	6
33	15.3155	4.0131	2.6857	34.7738	15.710	1.0517	0.8167	0.4117	22.6667	2	5	1	6	6
34	13.6667	4.1602	2.5321	26.6119	13.750	1.0017	0.8417	0.3567	15.7222	2	1	1	2	5
35	11.7738	4.2000	2.7631	24.4524	14.000	1.0017	0.9417	0.4307	27.2500	2	1	1	2	6
36	14.6488	4.2793	2.8155	23.5833	14.220	0.7933	0.7733	0.4733	17.9444	2	1	2	2	6
37	14.9603	3.6802	2.4871	18.1611	12.860	0.8250	0.8117	0.3167	21.8061	2	1	1	2	4
38	14.7500	3.3638	1.8638	28.2786	12.400	0.8117	0.6817	0.3867	16.2222	2	5	1	2	5
39	13.7603	3.7649	1.7517	25.9611	14.330	0.8467	0.6733	0.4400	15.8333	5	1	1	2	6
40	14.4500	4.3402	2.6321	29.6429	14.570	0.8150	0.8100	0.3633	23.5283	2	5	1	2	6
41	13.6353	3.2421	2.4221	29.3302	15.140	1.0017	0.7633	0.3800	19.4167	2	1	1	2	4
42	15.7500	2.1748	1.0688	26.0429	9.200	0.7450	0.7800	0.3433	17.7783	5	1	1	11	6
43	15.2960	4.2230	2.8963	33.1111	16.120	1.0000	0.8017	0.3967	28.3894	2	1	4	10	6
44	14.4167	3.5557	2.3000	29.7429	16.590	1.0800	0.7233	0.4117	20.6667	2	1	1	10	6
45	13.8675	3.9516	2.1813	35.5635	14.710	0.8667	0.7117	0.3633	14.8889	2	1	3	10	7
46	13.8452	3.7200	2.5429	27.0286	13.000	1.0350	0.9033	0.4017	24.0000	2	1	1	10	6
47	14.2381	3.8343	1.6345	23.7429	14.130	1.1400	0.6983	0.3967	22.1667	2	1	1	2	6
48	10.5387	4.2417	2.6917	20.9464	14.600	0.8833	0.9467	0.3833	18.3056	2	1	1	2	1
49	11.4405	4.5786	2.8357	16.5476	15.500	0.8517	0.8883	0.6000	27.6389	2	1	1	2	6
50	14.1905	4.7786	2.8393	31.3095	14.140	0.9533	0.9417	0.3983	26.2222	2	1	1	10	6
51	15.0714	4.3774	2.8357	26.7143	13.500	1.1200	0.8400	0.3800	27.6389	2	1	1	10	6
52	14.2024	4.2894	2.7381	32.6048	14.820	1.0717	0.9283	0.3600	25.8333	2	1	1	10	6
53	13.3571	3.7988	2.4589	24.4464	14.830	0.8650	0.7550	0.4050	15.8056	1	1	1	2	6
54	12.6310	3.5071	2.9626	23.1905	12.820	0.9517	0.8150	0.3983	19.1411	2	1	1	2	6
55	10.7262	3.7286	1.6286	26.0476	13.570	0.9850	0.8817	0.4117	18.6389	2	1	4	2	6
56	14.2679	3.3488	2.3845	26.7143	12.250	0.9200	0.8050	0.3850	18.1389	1	1	1	10	6
57	12.4405	4.2536	1.6000	29.1190	12.820	0.9600	1.1517	0.3867	16.9722	5	1	1	2	4
58	13.4167	4.2300	3.3965	25.4405	14.710	1.0517	0.9050	0.4083	27.1411	1	1	1	6	6
59	10.8738	4.2671	2.3908	23.1310	13.780	0.9700	1.1100	0.3350	21.6389	2	1	1	2	6
60	14.5952	3.9843	2.7286	26.9571	12.710	1.0750	0.9383	0.3767	27.8333	2	1	1	10	6
61	14.6071	3.2900	1.5402	32.5952	13.180	1.0033	0.7967	0.3483	18.4700	2	1	1	2	4
62	12.4724	3.7063	2.0500	24.1286	12.180	0.8633	0.5317	0.3383	11.1411	2	1	1	2	6
63	14.4071	4.0421	2.5733	22.4524	14.200	1.0483	0.6717	0.3433	17.8078	2	1	1	2	6
64	13.6333	4.1849	2.3988	26.2143	15.850	0.9034	1.1800	0.3700	17.7222	2	1	1	2	6
65	13.4643	3.6462	2.2117	28.8810	13.860	0.9233	0.8017	0.3783	17.8867	2	1	1	2	6
66	14.1155	3.7921	2.2424	26.2976	15.850	1.4133	0.5317	0.3083	13.3078	2	1	1	10	6
67	15.6548	4.4843	2.0881	29.5476	15.000	1.0033	0.8300	0.4033	21.7778	2	1	1	2	5
68	15.6095	4.6835	2.9917	28.9810	15.630	1.3167	0.8950	0.3417	26.8333	1	5	1	2	5
69	12.8595	4.3170	2.6448	26.3333	14.530	0.9167	0.7917	0.3933	18.6944	2	1	1	10	5
70	13.8155	4.2857	3.1027	30.3036	14.920	0.9933	0.8983	0.4583	27.7478	1	1	1	10	6
71	13.8929	4.0390	2.1305	25.8929	13.500	0.9383	0.7700	0.3883	21.5278	2	5	1	11	6
72	12.3095	4.1833	2.9879	29.3452	15.200	0.9983	0.8333	0.3633	18.4978	2	1	2	6	6
73	13.2524	3.7369	2.6867	26.5810	12.860	0.9133	0.7167	0.4083	15.1389	2	1	1	6	6
74	13.5238	3.5188	2.3976	24.2619	14.240	1.1217	0.7817	0.4083	25.5278	2	1	1	2	6
75	17.4762	3.4762	1.9617	34.5000	12.770	1.0483	0.7483	0.3533	20.7478	5	1	2	2	6
76	13.2321	3.5879	2.2257	20.8869	13.800	0.9683	0.8517	0.3667	24.1133	2	5	1	10	6
77	11.7857	4.2090	2.6905	31.4143	13.140	0.9050	0.6617	0.3900	14.0022	2	1	1	10	11
78	16.0476	4.1214	3.0674	30.8810	15.060	1.0733	0.8467	0.3567	25.7800	2	1	1	10	6
79	14.1500	3.9052	2.3071	25.8524	14.400	0.9083	0.6350	0.4400	21.5000	2	1	1	10	6
80	15.5429	4.2638	2.5629	29.5952	16.330	0.8533	0.7100	0.3700	20.1667	2	1	1	2	6
81	16.9405	4.2714	2.7960	30.6667	14.670	1.0033	0.7917	0.3717	29.0300	2	1	3	11	6
82	13.0667	4.0926	3.0262	26.2381	13.070	0.9417	0.8283	0.4017	20.2222	2	1	1	2	6
83	16.8667	4.1190	2.3650	33.7381	14.350	1.0167	0.8383	0.4518	26.6133	2	1	1	10	6
84	17.3310	3.8712	2.1905	35.8095	13.530	1.1367	0.8783	0.4067	30.9722	2	1	1	10	6
85	14.5595	3.7619	2.5007	28.8810	14.710	1.0067	0.6933	0.4083	19.7800	2	1	1	10	6
86	14.8774	3.8018	1.3771	30.6786	14.670	0.9650	0.7800	0.4150	16.2778	5	1	1	2	6
87	15.9220	4.7071	2.3096	35.8393	12.570	0.9400	0.8700	0.3850	26.8611	2	1	1	2	4
88	16.6139	4.3909	2.4837	35.9206	13.500	1.0317	0.8417	0.3667	31.7500	2	1	1	2	4
89	13.5970	4.5530	2.5003	32.0298	15.400	1.0988	0.7475	0.3188	16.5417	2	1	1	1	8
90	16.2679	4.9096	3.2000	32.0571	16.470	0.9788	0.8325	0.3863	24.7500	2	1	1	6	6
91	15.7143	4.9000	3.1429	33.2679	15.150	1.1938	0.8288	0.3800	28.6042	2	1	1	2	3
92	14.6700	4.1519	2.8964	33.6071	16.240	1.0200	0.8050	0.3713	26.3125	2	1	1	6	6
93	18.0200	4.7680	2.8560	35.5200	14.080	1.1200	0.8800	0.4100	32.0000	2	1	1	6	6
94	17.3200	5.0680	4.5880	31.6000	13.920	1.1400	0.8700	0.4000	33.3333	2	1	1	10	5
95	14.5500	4.4300	2.6600	31.0000	13.600	1.0600	0.8500	0.3700	27.1667	2	1	1	6	5
96	16.1400	4.5240	2.7320	30.6000	14.160	1.0900	0.8500	0.4100	30.1667	2	1	1	11	6
97	16.8333	4.2833	2.3083	37.1667	12.333	1.1100	0.8900	0.3800	28.1667	2	1	1	2	5
98	16.0714	3.8429	1.9571	33.0000	10.286	1.1200	0.8800	0.4100	32.0000	1	1	1	2	3
99	18.9286	4.4143	2.3143	40.2857	12.857	1.1000	0.8500	0.3900	26.1667	1	5	1	4	3
100	16.8400	4.3720	2.4600	34.3200	12.880	1.0300	0.8700	0.4300	25.1667	2	1	1	10	5
101	15.3684	4.3895	2.7684	25.5263	12.316	1.0900	0.9400	0.4300	29.3333	2	1	1	10	5
102	16.3000	4.3360	2.7440	31.1600	12.240	1.1100	0.9100	0.3700	32.1667	2	1	1	10	5
103	14.7857	3.7857	2.6000	29.5714	12.286	0.7900	0.8300	0.4600	15.5000	1	1	1	11	6
104	14.7308	4.6000	3.0769	29.2308	18.000	0.8400	0.7200	0.3900	15.0000	2	1	3	6	6
105	21.7917	4.5667	2.5417	43.2500	12.833	1.1200	0.9300	0.3800	34.8333	5	1	1	2	3
106	16.2917	4.7167	3.0417	32.5833	13.167	1.0500	0.8400	0.4100	33.0000	2	1	3	2	6
107	21.4615	4.5385	2.6692	42.8462	13.385	1.2300	0.9700	0.3800	33.3333	2	1	1	2	3
108	15.7273	4.5000	2.8000	33.7273	16.182	0.9600	0.8500	0.4000	25.0000	2	1	1	6	6
109	15.7600	4.9840	3.0280	31.9600	14.720	1.1200	0.9000	0.3500	33.6667	2	1	1	10	6
110	19.8800	4.4160	2.6080	42.4000	12.640	1.0900	0.9400	0.4100	31.6667	2	1	1	10	5
111	15.3200	4.6800	2.7520	31.4000	14.240	1.1400	0.8300	0.3800	30.0000	2	1	1	6	6
112	18.8200	4.1120	1.9200	43.0000	13.280	1.1600	0.8300	0.3700	28.1667	2	1	1	10	3
113	17.8000	4.5560	2.5000	35.3200	12.960	1.2200	0.9500	0.3800	36.3333	2	4	1	9	3
114	18.7400	4.4360	2.2880	42.2400	12.080	1.1600	0.9100	0.3900	32.5000	2	1	1	12	3
115	20.0800	4.6400	2.5560	44.6000	13.280	1.2500	0.8300	0.3900	34.0000	2	5	1	4	3
116	20.2600	4.7800	2.6480	45.4000	13.200	1.2300	0.9300	0.3900	30.6667	2	1	1	11	3
117	17.3095	3.6000	1.5238	39.8095	12.286	1.1600	0.6800	0.3800	22.1667	5	1	1	10	4
118	17.8000	4.5560	2.5000	35.3200	12.960	1.2200	0.9700	0.3800	34.3333	2	1	1	11	3
119	19.2200	4.5320	2.3560	41.3600	13.280	1.1300	0.8600	0.3900	33.0000	2	1	1	10	3
120	13.8750	3.8000	1.9818	32.7500	12.333	1.0700	0.8200	0.3300	21.1667	2	4	1	9	3
121	15.3542	3.3917	1.5000	36.8333	13.000	1.1100	0.6700	0.2900	18.3333	2	1	1	10	4
122	16.1480	4.3040	2.2800	35.3600	12.960	1.1300	0.8600	0.3900	33.0000	2	5	1	4	3
123	17.4318	3.9000	2.0500	37.7727	12.636	1.1000	0.7000	0.3500	25.9333	2	1	1	11	3
124	17.1200	3.9800	2.0200	39.8000	12.480	1.0700	0.8700	0.4000	24.5000	2	5	1	10	3
125	17.8000	4.5560	2.5000	35.3200	12.960	1.2300	0.9300	0.3900	30.6667	2	1	1	10	3
126	16.5000	4.4080	2.3440	39.6400	12.880	1.1900	0.9000	0.3800	31.6667	2	1	1	10	3
127	11.9200	4.0200	2.3440	28.5200	12.240	1.0000	0.8200	0.3800	26.1667	2	1	1	10	4
128	15.5000	4.5760	2.5600	36.5600	12.960	1.1700	0.8300	0.3500	32.8333	2	5	1	4	3
129	14.5000	3.6000	1.6000	32.0000	13.500	1.1000	0.7400	0.3800	23.3333	2	1	1	10	4
130	15.5250	4.3450	2.3800	35.0000	12.900	1.1600	0.8400	0.4100	30.0000	2	1	1	12	3
131	16.8800	4.2520	2.4360	37.9600	12.720	1.3000	0.8900	0.4200	32.0000	2	4	4	9	3
132	15.8400	4.6920	2.5640	34.1600	11.440	1.2300	1.0200	0.3900	37.5000	2	1	1	10	3
133	19.1200	4.1920	1.9880	41.6000	13.200	1.2200	0.7700	0.3900	29.6667	2	1	1	10	3
134	19.2200	4.6520	2.4200	42.0400	13.200	1.2500	0.8700	0.3700	33.8333	2	1	4	10	3
135	18.9800	4.0720	1.7920	44.7600	13.760	1.2400	0.7200	0.3800	24.0000	2	1	1	10	3
136	14.1600	3.6760	1.8080	28.4000	11.680	1.1200	0.8200	0.3700	27.3333	2	1	1	2	4
137	17.8000	4.5960	2.4880	36.2000	12.880	1.2600	0.9600	0.4100	35.3333	2	1	1	10	3
138	18.4600	4.3920	2.3680	41.1200	12.800	1.1900	0.8500	0.4100	32.3333	2	1	1	10	3
139	18.1600	4.2240	2.0280	39.6000	13.200	1.2800	0.8200	0.3400	31.5000	2	1	1	10	3
140	16.4000	4.5200	2.4080	36.1600	13.600	1.3200	0.8400	0.3800	32.5000	2	1	1	6	3
141	16.8513	4.2247	2.1955	37.3378	12.842	1.2100	0.8600	0.4100	28.3333	2	1	1	10	3
142	18.1400	4.7120	2.5880	40.0000	13.520	1.1800	0.8700	0.4200	30.8333	2	5	4	4	3
143	18.3000	4.5920	2.7043	40.0000	13.520	1.1300	0.8600	0.3700	29.5000	2	4	4	9	3
144	17.1250	4.1300	2.0100	39.9500	13.900	1.2600	0.7900	0.3700	27.6667	2	1	1	10	3
145	15.8600	4.0560	1.8320	36.9600	13.920	1.1500	0.7600	0.3200	24.6667	2	1	1	10	3
146	17.7600	4.0560	2.0840	40.5600	13.440	1.2100	0.8200	0.3300	26.5000	2	1	1	10	3
147	17.3000	3.8160	1.6640	40.4000	14.720	1.3400	0.6800	0.3600	23.3333	5	1	1	10	3
